37 325
1 6
1 9
1 12
1 13
1 14
1 16
1 19
1 20
1 26
1 27
1 28
1 30
1 36
2 3
2 5
2 8
2 10
2 13
2 16
2 17
2 18
2 19
2 20
2 21
2 29
2 33
2 34
2 35
3 4
3 6
3 7
3 8
3 10
3 11
3 16
3 17
3 18
3 19
3 20
3 24
3 27
3 28
3 30
3 32
3 33
3 34
4 6
4 7
4 8
4 10
4 11
4 14
4 19
4 24
4 25
4 27
4 28
4 29
4 30
4 31
4 32
4 33
4 35
4 36
5 6
5 9
5 10
5 11
5 12
5 14
5 15
5 23
5 24
5 25
5 32
5 33
5 37
6 10
6 11
6 13
6 14
6 16
6 17
6 18
6 19
6 20
6 22
6 23
6 25
6 26
6 27
6 28
6 30
6 31
6 35
7 9
7 11
7 13
7 16
7 18
7 21
7 23
7 28
7 35
7 36
7 37
8 9
8 11
8 14
8 15
8 17
8 19
8 21
8 22
8 24
8 25
8 29
8 30
8 31
8 35
9 11
9 12
9 21
9 22
9 24
9 26
9 28
9 29
9 30
9 32
9 34
9 36
10 11
10 12
10 13
10 14
10 15
10 16
10 18
10 19
10 23
10 25
10 30
10 31
10 32
10 33
11 12
11 17
11 18
11 19
11 21
11 23
11 24
11 25
11 26
11 27
11 29
11 35
12 13
12 14
12 15
12 17
12 18
12 19
12 20
12 22
12 23
12 25
12 30
12 31
12 32
12 33
12 34
12 35
12 36
12 37
13 14
13 16
13 17
13 18
13 19
13 20
13 23
13 27
13 28
13 30
13 31
13 33
13 35
14 16
14 18
14 23
14 24
14 26
14 28
14 30
14 34
14 36
15 16
15 17
15 25
15 27
15 30
15 31
15 33
15 36
15 37
16 19
16 21
16 22
16 23
16 25
16 29
16 30
16 32
16 33
16 35
17 18
17 19
17 20
17 21
17 24
17 26
17 28
17 30
17 31
17 32
17 33
17 35
17 36
17 37
18 20
18 22
18 24
18 26
18 29
18 31
18 33
19 20
19 21
19 24
19 25
19 26
19 27
19 30
19 31
19 32
19 33
19 34
20 21
20 23
20 25
20 26
20 27
20 28
20 29
20 35
20 37
21 23
21 25
21 27
21 28
21 30
21 32
21 36
22 23
22 24
22 27
22 29
22 32
22 33
22 35
22 36
23 24
23 26
23 27
23 28
23 29
23 31
23 34
23 36
23 37
24 25
24 28
24 29
24 31
24 33
24 34
24 35
24 37
25 27
25 30
26 27
26 30
26 31
26 32
26 33
26 34
26 36
27 28
27 29
27 30
27 32
27 33
27 34
27 35
28 30
28 32
28 33
29 32
29 33
29 34
29 35
29 36
30 33
30 34
30 36
31 33
31 35
31 36
31 37
32 33
32 37
34 35
34 37
